49801_sweeps	1.000/0.000/0.000/0.000	0.000/0.000/0.000/1.000	0.000/0.500/0.500/0.000	0.250/0.250/0.250/0.250	0.500/0.250/0.250/0.000	0.000/0.250/0.250/0.500
1	0.95062	0.00000	0.00000	0.00119	0.04819	0.00000
2	0.29605	0.00000	0.00000	0.36113	0.34282	0.00000
3	0.21835	0.00000	0.00000	0.44384	0.33781	0.00000
4	0.94869	0.00000	0.00000	0.00029	0.05102	0.00000
5	0.99291	0.00000	0.00000	0.00002	0.00707	0.00000
6	0.57665	0.00000	0.00000	0.02373	0.39961	0.00000
7	0.69804	0.00000	0.00000	0.02783	0.27413	0.00000
8	0.97951	0.00000	0.00000	0.00009	0.02040	0.00000
9	0.95062	0.00000	0.00000	0.00069	0.04869	0.00000
10	0.99792	0.00000	0.00000	0.00000	0.00207	0.00000
11	0.98422	0.00000	0.00000	0.00008	0.01570	0.00000
12	0.98806	0.00000	0.00000	0.00004	0.01190	0.00000
13	0.99824	0.00000	0.00000	0.00000	0.00176	0.00000
14	0.99858	0.00000	0.00000	0.00000	0.00142	0.00000
15	0.98631	0.00000	0.00000	0.00005	0.01364	0.00000
16	0.99764	0.00000	0.00000	0.00001	0.00235	0.00000
17	0.04701	0.00000	0.00000	0.01798	0.93500	0.00000
18	0.99709	0.00000	0.00000	0.00001	0.00290	0.00000
19	0.96530	0.00000	0.00000	0.00022	0.03447	0.00000
20	0.99860	0.00000	0.00000	0.00000	0.00140	0.00000
21	0.99464	0.00000	0.00000	0.00002	0.00534	0.00000
22	0.90085	0.00000	0.00000	0.00045	0.09870	0.00000
23	0.99829	0.00000	0.00000	0.00000	0.00171	0.00000
24	0.99888	0.00000	0.00000	0.00000	0.00112	0.00000
25	0.94976	0.00000	0.00000	0.00079	0.04945	0.00000
26	0.99714	0.00000	0.00000	0.00001	0.00286	0.00000
27	0.98340	0.00000	0.00000	0.00020	0.01640	0.00000
28	0.99345	0.00000	0.00000	0.00001	0.00653	0.00000
29	0.99785	0.00000	0.00000	0.00000	0.00214	0.00000
30	0.99724	0.00000	0.00000	0.00001	0.00275	0.00000
31	0.98333	0.00000	0.00000	0.00008	0.01658	0.00000
32	0.99309	0.00000	0.00000	0.00001	0.00689	0.00000
33	0.99910	0.00000	0.00000	0.00000	0.00090	0.00000
34	0.00000	0.00000	0.99371	0.00199	0.00093	0.00336
35	0.99870	0.00000	0.00000	0.00000	0.00130	0.00000
36	0.99575	0.00000	0.00000	0.00002	0.00424	0.00000
37	0.99528	0.00000	0.00000	0.00002	0.00470	0.00000
38	0.98970	0.00000	0.00000	0.00003	0.01027	0.00000
39	0.99788	0.00000	0.00000	0.00000	0.00212	0.00000
40	0.99802	0.00000	0.00000	0.00000	0.00198	0.00000
41	0.97906	0.00000	0.00000	0.00015	0.02079	0.00000
42	0.99010	0.00000	0.00000	0.00004	0.00986	0.00000
43	0.99352	0.00000	0.00000	0.00001	0.00647	0.00000
44	0.98988	0.00000	0.00000	0.00005	0.01007	0.00000
45	0.99760	0.00000	0.00000	0.00000	0.00239	0.00000
46	0.98223	0.00000	0.00000	0.00008	0.01769	0.00000
47	0.98762	0.00000	0.00000	0.00004	0.01234	0.00000
48	0.99454	0.00000	0.00000	0.00001	0.00545	0.00000
49	0.99180	0.00000	0.00000	0.00005	0.00816	0.00000
50	0.99715	0.00000	0.00000	0.00001	0.00284	0.00000
51	0.99850	0.00000	0.00000	0.00000	0.00150	0.00000
52	0.99432	0.00000	0.00000	0.00002	0.00566	0.00000
53	0.97977	0.00000	0.00000	0.00010	0.02013	0.00000
54	0.99632	0.00000	0.00000	0.00001	0.00367	0.00000
55	0.96156	0.00000	0.00000	0.00018	0.03826	0.00000
56	0.99713	0.00000	0.00000	0.00001	0.00286	0.00000
57	0.99126	0.00000	0.00000	0.00004	0.00870	0.00000
58	0.99745	0.00000	0.00000	0.00000	0.00255	0.00000
59	0.99458	0.00000	0.00000	0.00002	0.00540	0.00000
60	0.98471	0.00000	0.00000	0.00009	0.01520	0.00000
61	0.98834	0.00000	0.00000	0.00008	0.01158	0.00000
62	0.98054	0.00000	0.00000	0.00019	0.01928	0.00000
63	0.93822	0.00000	0.00000	0.00188	0.05991	0.00000
64	0.99699	0.00000	0.00000	0.00001	0.00301	0.00000
65	0.99526	0.00000	0.00000	0.00002	0.00473	0.00000
66	0.99371	0.00000	0.00000	0.00002	0.00627	0.00000
67	0.99662	0.00000	0.00000	0.00001	0.00337	0.00000
68	0.95221	0.00000	0.00000	0.00030	0.04749	0.00000
69	0.99668	0.00000	0.00000	0.00001	0.00331	0.00000
70	0.96186	0.00000	0.00000	0.00037	0.03777	0.00000
71	0.98541	0.00000	0.00000	0.00006	0.01453	0.00000
72	0.99710	0.00000	0.00000	0.00001	0.00289	0.00000
73	0.99826	0.00000	0.00000	0.00000	0.00173	0.00000
74	0.99594	0.00000	0.00000	0.00001	0.00406	0.00000
75	0.93813	0.00000	0.00000	0.00064	0.06123	0.00000
76	0.98754	0.00000	0.00000	0.00009	0.01237	0.00000
77	0.99713	0.00000	0.00000	0.00001	0.00286	0.00000
78	0.98444	0.00000	0.00000	0.00023	0.01533	0.00000
79	0.99780	0.00000	0.00000	0.00000	0.00220	0.00000
80	0.98910	0.00000	0.00000	0.00008	0.01082	0.00000
81	0.99804	0.00000	0.00000	0.00000	0.00195	0.00000
82	0.98392	0.00000	0.00000	0.00008	0.01600	0.00000
83	0.96847	0.00000	0.00000	0.00025	0.03129	0.00000
84	0.99696	0.00000	0.00000	0.00001	0.00303	0.00000
85	0.99631	0.00000	0.00000	0.00001	0.00368	0.00000
86	0.99449	0.00000	0.00000	0.00002	0.00549	0.00000
87	0.99492	0.00000	0.00000	0.00002	0.00506	0.00000
88	0.98769	0.00000	0.00000	0.00005	0.01226	0.00000
89	0.99331	0.00000	0.00000	0.00003	0.00666	0.00000
90	0.99806	0.00000	0.00000	0.00000	0.00194	0.00000
91	0.99840	0.00000	0.00000	0.00000	0.00160	0.00000
92	0.99794	0.00000	0.00000	0.00000	0.00206	0.00000
93	0.99708	0.00000	0.00000	0.00001	0.00292	0.00000
94	0.99128	0.00000	0.00000	0.00002	0.00870	0.00000
95	0.99738	0.00000	0.00000	0.00001	0.00261	0.00000
96	0.99773	0.00000	0.00000	0.00000	0.00226	0.00000
97	0.99691	0.00000	0.00000	0.00001	0.00308	0.00000
98	0.99567	0.00000	0.00000	0.00001	0.00432	0.00000
99	0.90968	0.00000	0.00000	0.00128	0.08904	0.00000
100	0.99543	0.00000	0.00000	0.00001	0.00455	0.00000
101	0.99650	0.00000	0.00000	0.00001	0.00349	0.00000
102	0.99495	0.00000	0.00000	0.00002	0.00502	0.00000
103	0.99792	0.00000	0.00000	0.00000	0.00208	0.00000
104	0.99792	0.00000	0.00000	0.00000	0.00208	0.00000
105	0.95420	0.00000	0.00000	0.00048	0.04532	0.00000
106	0.98866	0.00000	0.00000	0.00011	0.01123	0.00000
107	0.89975	0.00000	0.00000	0.00050	0.09975	0.00000
108	0.99883	0.00000	0.00000	0.00000	0.00117	0.00000
109	0.99870	0.00000	0.00000	0.00000	0.00130	0.00000
110	0.86613	0.00000	0.00000	0.00092	0.13295	0.00000
111	0.99286	0.00000	0.00000	0.00002	0.00712	0.00000
112	0.99705	0.00000	0.00000	0.00001	0.00295	0.00000
113	0.99193	0.00000	0.00000	0.00003	0.00804	0.00000
114	0.99600	0.00000	0.00000	0.00001	0.00399	0.00000
115	0.99645	0.00000	0.00000	0.00001	0.00354	0.00000
116	0.99500	0.00000	0.00000	0.00002	0.00498	0.00000
117	0.99846	0.00000	0.00000	0.00000	0.00154	0.00000
118	0.99904	0.00000	0.00000	0.00000	0.00096	0.00000
119	0.99723	0.00000	0.00000	0.00001	0.00277	0.00000
120	0.97898	0.00000	0.00000	0.00006	0.02096	0.00000
121	0.99745	0.00000	0.00000	0.00001	0.00254	0.00000
122	0.99067	0.00000	0.00000	0.00003	0.00930	0.00000
123	0.99785	0.00000	0.00000	0.00000	0.00214	0.00000
124	0.99668	0.00000	0.00000	0.00001	0.00331	0.00000
125	0.99827	0.00000	0.00000	0.00000	0.00173	0.00000
126	0.92391	0.00000	0.00000	0.00109	0.07500	0.00000
127	0.99028	0.00000	0.00000	0.00003	0.00969	0.00000
128	0.99512	0.00000	0.00000	0.00002	0.00486	0.00000
129	0.99536	0.00000	0.00000	0.00002	0.00463	0.00000
130	0.99772	0.00000	0.00000	0.00001	0.00227	0.00000
131	0.97842	0.00000	0.00000	0.00011	0.02147	0.00000
132	0.98331	0.00000	0.00000	0.00024	0.01645	0.00000
133	0.99723	0.00000	0.00000	0.00001	0.00276	0.00000
134	0.99477	0.00000	0.00000	0.00002	0.00521	0.00000
135	0.98638	0.00000	0.00000	0.00017	0.01345	0.00000
136	0.99598	0.00000	0.00000	0.00001	0.00401	0.00000
137	0.99556	0.00000	0.00000	0.00002	0.00442	0.00000
138	0.93020	0.00000	0.00000	0.00259	0.06721	0.00000
139	0.99629	0.00000	0.00000	0.00001	0.00369	0.00000
140	0.98641	0.00000	0.00000	0.00008	0.01351	0.00000
141	0.99006	0.00000	0.00000	0.00010	0.00984	0.00000
142	0.98981	0.00000	0.00000	0.00010	0.01009	0.00000
143	0.98424	0.00000	0.00000	0.00022	0.01554	0.00000
144	0.99449	0.00000	0.00000	0.00003	0.00548	0.00000
145	0.99314	0.00000	0.00000	0.00004	0.00682	0.00000
146	0.98965	0.00000	0.00000	0.00010	0.01025	0.00000
147	0.99582	0.00000	0.00000	0.00001	0.00417	0.00000
148	0.97584	0.00000	0.00000	0.00030	0.02386	0.00000
149	0.94448	0.00000	0.00000	0.00093	0.05459	0.00000
150	0.99512	0.00000	0.00000	0.00002	0.00486	0.00000
151	0.98955	0.00000	0.00000	0.00003	0.01042	0.00000
152	0.99669	0.00000	0.00000	0.00001	0.00330	0.00000
153	0.99833	0.00000	0.00000	0.00000	0.00167	0.00000
154	0.99885	0.00000	0.00000	0.00000	0.00115	0.00000
155	0.99733	0.00000	0.00000	0.00001	0.00267	0.00000
156	0.99749	0.00000	0.00000	0.00001	0.00251	0.00000
157	0.99717	0.00000	0.00000	0.00001	0.00282	0.00000
158	0.99718	0.00000	0.00000	0.00001	0.00282	0.00000
159	0.80683	0.00000	0.00000	0.00088	0.19229	0.00000
160	0.99595	0.00000	0.00000	0.00001	0.00403	0.00000
161	0.99371	0.00000	0.00000	0.00001	0.00627	0.00000
162	0.99149	0.00000	0.00000	0.00009	0.00841	0.00000
163	0.98809	0.00000	0.00000	0.00004	0.01187	0.00000
164	0.99776	0.00000	0.00000	0.00000	0.00224	0.00000
165	0.98316	0.00000	0.00000	0.00016	0.01668	0.00000
166	0.99281	0.00000	0.00000	0.00003	0.00716	0.00000
167	0.99429	0.00000	0.00000	0.00002	0.00569	0.00000
168	0.99861	0.00000	0.00000	0.00000	0.00139	0.00000
169	0.99800	0.00000	0.00000	0.00000	0.00200	0.00000
170	0.98567	0.00000	0.00000	0.00006	0.01427	0.00000
171	0.99030	0.00000	0.00000	0.00005	0.00965	0.00000
172	0.99820	0.00000	0.00000	0.00000	0.00180	0.00000
173	0.98985	0.00000	0.00000	0.00003	0.01012	0.00000
174	0.99628	0.00000	0.00000	0.00001	0.00371	0.00000
175	0.98974	0.00000	0.00000	0.00009	0.01016	0.00000
176	0.99527	0.00000	0.00000	0.00001	0.00471	0.00000
177	0.99138	0.00000	0.00000	0.00002	0.00859	0.00000
178	0.99548	0.00000	0.00000	0.00001	0.00451	0.00000
179	0.98260	0.00000	0.00000	0.00008	0.01732	0.00000
180	0.99684	0.00000	0.00000	0.00001	0.00315	0.00000
181	0.99713	0.00000	0.00000	0.00001	0.00286	0.00000
182	0.95468	0.00000	0.00000	0.00024	0.04507	0.00000
183	0.99104	0.00000	0.00000	0.00006	0.00890	0.00000
184	0.99882	0.00000	0.00000	0.00000	0.00118	0.00000
185	0.99191	0.00000	0.00000	0.00003	0.00806	0.00000
186	0.99453	0.00000	0.00000	0.00002	0.00545	0.00000
187	0.98707	0.00000	0.00000	0.00008	0.01285	0.00000
188	0.99423	0.00000	0.00000	0.00001	0.00576	0.00000
189	0.99822	0.00000	0.00000	0.00000	0.00178	0.00000
190	0.99899	0.00000	0.00000	0.00000	0.00101	0.00000
191	0.99658	0.00000	0.00000	0.00001	0.00341	0.00000
192	0.97710	0.00000	0.00000	0.00008	0.02281	0.00000
193	0.99890	0.00000	0.00000	0.00000	0.00109	0.00000
194	0.99567	0.00000	0.00000	0.00001	0.00431	0.00000
195	0.99719	0.00000	0.00000	0.00001	0.00281	0.00000
196	0.98346	0.00000	0.00000	0.00012	0.01642	0.00000
197	0.99847	0.00000	0.00000	0.00000	0.00153	0.00000
198	0.99819	0.00000	0.00000	0.00000	0.00181	0.00000
199	0.99847	0.00000	0.00000	0.00000	0.00153	0.00000
200	0.98490	0.00000	0.00000	0.00004	0.01506	0.00000
201	0.98429	0.00000	0.00000	0.00013	0.01558	0.00000
202	0.99699	0.00000	0.00000	0.00001	0.00300	0.00000
203	0.99617	0.00000	0.00000	0.00001	0.00382	0.00000
204	0.19307	0.00000	0.00000	0.01328	0.79365	0.00000
205	0.99765	0.00000	0.00000	0.00000	0.00235	0.00000
206	0.99735	0.00000	0.00000	0.00001	0.00264	0.00000
207	0.99766	0.00000	0.00000	0.00000	0.00233	0.00000
208	0.99848	0.00000	0.00000	0.00000	0.00152	0.00000
209	0.99124	0.00000	0.00000	0.00005	0.00871	0.00000
210	0.99815	0.00000	0.00000	0.00000	0.00185	0.00000
211	0.99900	0.00000	0.00000	0.00000	0.00100	0.00000
212	0.99504	0.00000	0.00000	0.00001	0.00495	0.00000
213	0.95195	0.00000	0.00000	0.00016	0.04789	0.00000
214	0.99416	0.00000	0.00000	0.00002	0.00582	0.00000
215	0.99621	0.00000	0.00000	0.00001	0.00378	0.00000
216	0.99732	0.00000	0.00000	0.00001	0.00267	0.00000
217	0.82435	0.00000	0.00000	0.00199	0.17366	0.00000
218	0.90846	0.00000	0.00000	0.00188	0.08967	0.00000
219	0.98560	0.00000	0.00000	0.00005	0.01435	0.00000
220	0.99864	0.00000	0.00000	0.00000	0.00136	0.00000
221	0.62255	0.00000	0.00000	0.01667	0.36078	0.00000
222	0.98128	0.00000	0.00000	0.00010	0.01862	0.00000
223	0.23818	0.00000	0.00000	0.03571	0.72610	0.00000
224	0.98243	0.00000	0.00000	0.00012	0.01744	0.00000
225	0.99150	0.00000	0.00000	0.00004	0.00846	0.00000
226	0.98829	0.00000	0.00000	0.00041	0.01130	0.00000
227	0.99408	0.00000	0.00000	0.00003	0.00589	0.00000
228	0.93648	0.00000	0.00000	0.00051	0.06301	0.00000
229	0.85565	0.00000	0.00000	0.00163	0.14273	0.00000
230	0.93949	0.00000	0.00000	0.00061	0.05991	0.00000
231	0.99366	0.00000	0.00000	0.00004	0.00631	0.00000
232	0.93803	0.00000	0.00000	0.00119	0.06078	0.00000
233	0.96322	0.00000	0.00000	0.00063	0.03615	0.00000
234	0.99457	0.00000	0.00000	0.00002	0.00541	0.00000
235	0.97140	0.00000	0.00000	0.00018	0.02842	0.00000
236	0.99483	0.00000	0.00000	0.00002	0.00516	0.00000
237	0.99060	0.00000	0.00000	0.00003	0.00936	0.00000
238	0.99764	0.00000	0.00000	0.00000	0.00236	0.00000
239	0.99587	0.00000	0.00000	0.00001	0.00412	0.00000
240	0.99792	0.00000	0.00000	0.00000	0.00207	0.00000
241	0.96025	0.00000	0.00000	0.00071	0.03904	0.00000
242	0.99707	0.00000	0.00000	0.00001	0.00292	0.00000
243	0.99349	0.00000	0.00000	0.00001	0.00650	0.00000
244	0.99426	0.00000	0.00000	0.00003	0.00571	0.00000
245	0.99647	0.00000	0.00000	0.00001	0.00352	0.00000
246	0.99612	0.00000	0.00000	0.00001	0.00387	0.00000
247	0.99764	0.00000	0.00000	0.00000	0.00236	0.00000
248	0.99365	0.00000	0.00000	0.00002	0.00633	0.00000
249	0.99833	0.00000	0.00000	0.00000	0.00167	0.00000
250	0.99826	0.00000	0.00000	0.00000	0.00174	0.00000
251	0.99012	0.00000	0.00000	0.00002	0.00986	0.00000
252	0.99370	0.00000	0.00000	0.00002	0.00628	0.00000
253	0.96608	0.00000	0.00000	0.00096	0.03296	0.00000
254	0.99661	0.00000	0.00000	0.00001	0.00338	0.00000
255	0.99766	0.00000	0.00000	0.00000	0.00233	0.00000
256	0.94470	0.00000	0.00000	0.00026	0.05503	0.00000
257	0.98972	0.00000	0.00000	0.00006	0.01022	0.00000
258	0.99718	0.00000	0.00000	0.00001	0.00281	0.00000
259	0.99751	0.00000	0.00000	0.00000	0.00249	0.00000
260	0.04241	0.00000	0.00000	0.85888	0.09871	0.00000
261	0.99671	0.00000	0.00000	0.00001	0.00329	0.00000
262	0.99618	0.00000	0.00000	0.00001	0.00381	0.00000
263	0.99695	0.00000	0.00000	0.00001	0.00304	0.00000
264	0.99358	0.00000	0.00000	0.00001	0.00641	0.00000
265	0.99907	0.00000	0.00000	0.00000	0.00093	0.00000
266	0.99645	0.00000	0.00000	0.00001	0.00355	0.00000
267	0.99852	0.00000	0.00000	0.00000	0.00148	0.00000
268	0.99714	0.00000	0.00000	0.00001	0.00286	0.00000
269	0.94083	0.00000	0.00000	0.00280	0.05637	0.00000
270	0.99876	0.00000	0.00000	0.00000	0.00124	0.00000
271	0.99124	0.00000	0.00000	0.00004	0.00872	0.00000
272	0.96858	0.00000	0.00000	0.00021	0.03121	0.00000
273	0.99014	0.00000	0.00000	0.00002	0.00984	0.00000
274	0.98590	0.00000	0.00000	0.00010	0.01400	0.00000
275	0.90476	0.00000	0.00000	0.00076	0.09447	0.00000
276	0.98598	0.00000	0.00000	0.00008	0.01393	0.00000
277	0.99368	0.00000	0.00000	0.00003	0.00629	0.00000
278	0.99545	0.00000	0.00000	0.00002	0.00454	0.00000
279	0.98905	0.00000	0.00000	0.00006	0.01089	0.00000
280	0.99305	0.00000	0.00000	0.00002	0.00693	0.00000
281	0.95153	0.00000	0.00000	0.00060	0.04787	0.00000
282	0.99450	0.00000	0.00000	0.00002	0.00548	0.00000
283	0.99484	0.00000	0.00000	0.00002	0.00514	0.00000
284	0.99809	0.00000	0.00000	0.00000	0.00191	0.00000
285	0.85683	0.00000	0.00000	0.00116	0.14201	0.00000
286	0.70774	0.00000	0.00000	0.00432	0.28794	0.00000
287	0.99731	0.00000	0.00000	0.00001	0.00269	0.00000
288	0.99695	0.00000	0.00000	0.00001	0.00305	0.00000
289	0.89510	0.00000	0.00000	0.00023	0.10467	0.00000
290	0.98854	0.00000	0.00000	0.00013	0.01133	0.00000
291	0.99711	0.00000	0.00000	0.00001	0.00288	0.00000
292	0.99550	0.00000	0.00000	0.00001	0.00449	0.00000
293	0.99558	0.00000	0.00000	0.00001	0.00441	0.00000
294	0.95064	0.00000	0.00000	0.00192	0.04744	0.00000
295	0.98933	0.00000	0.00000	0.00003	0.01064	0.00000
296	0.98807	0.00000	0.00000	0.00013	0.01180	0.00000
297	0.98696	0.00000	0.00000	0.00004	0.01301	0.00000
298	0.99786	0.00000	0.00000	0.00000	0.00214	0.00000
299	0.99816	0.00000	0.00000	0.00000	0.00184	0.00000
300	0.73381	0.00000	0.00000	0.01441	0.25178	0.00000
301	0.92979	0.00000	0.00000	0.00076	0.06945	0.00000
302	0.99203	0.00000	0.00000	0.00002	0.00795	0.00000
303	0.99098	0.00000	0.00000	0.00004	0.00898	0.00000
304	0.99683	0.00000	0.00000	0.00001	0.00316	0.00000
305	0.99802	0.00000	0.00000	0.00000	0.00198	0.00000
306	0.99756	0.00000	0.00000	0.00000	0.00244	0.00000
307	0.99820	0.00000	0.00000	0.00000	0.00180	0.00000
308	0.99693	0.00000	0.00000	0.00001	0.00306	0.00000
309	0.98961	0.00000	0.00000	0.00007	0.01032	0.00000
310	0.99177	0.00000	0.00000	0.00004	0.00819	0.00000
311	0.98301	0.00000	0.00000	0.00016	0.01683	0.00000
312	0.99611	0.00000	0.00000	0.00001	0.00388	0.00000
313	0.99730	0.00000	0.00000	0.00001	0.00269	0.00000
314	0.99716	0.00000	0.00000	0.00001	0.00283	0.00000
315	0.99726	0.00000	0.00000	0.00001	0.00273	0.00000
316	0.00000	0.00000	0.00003	0.04664	0.95333	0.00000
317	0.80302	0.00000	0.00000	0.00051	0.19647	0.00000
318	0.99007	0.00000	0.00000	0.00006	0.00987	0.00000
319	0.00000	0.00000	0.00000	0.08625	0.91375	0.00000
320	0.98642	0.00000	0.00000	0.00005	0.01353	0.00000
321	0.99671	0.00000	0.00000	0.00001	0.00328	0.00000
322	0.99506	0.00000	0.00000	0.00001	0.00493	0.00000
323	0.99671	0.00000	0.00000	0.00001	0.00328	0.00000
324	0.99402	0.00000	0.00000	0.00003	0.00595	0.00000
325	0.00000	0.00000	0.96224	0.00743	0.00082	0.02952
326	0.99685	0.00000	0.00000	0.00001	0.00315	0.00000
327	0.99602	0.00000	0.00000	0.00001	0.00396	0.00000
328	0.99877	0.00000	0.00000	0.00000	0.00123	0.00000
329	0.91846	0.00000	0.00000	0.00090	0.08064	0.00000
330	0.98611	0.00000	0.00000	0.00009	0.01380	0.00000
331	0.83832	0.00000	0.00000	0.00395	0.15773	0.00000
332	0.97140	0.00000	0.00000	0.00018	0.02842	0.00000
333	0.98142	0.00000	0.00000	0.00017	0.01841	0.00000
334	0.91671	0.00000	0.00000	0.00067	0.08261	0.00000
335	0.98763	0.00000	0.00000	0.00013	0.01225	0.00000
336	0.73381	0.00000	0.00000	0.01441	0.25178	0.00000
337	0.98780	0.00000	0.00000	0.00007	0.01213	0.00000
338	0.99605	0.00000	0.00000	0.00001	0.00394	0.00000
339	0.99132	0.00000	0.00000	0.00005	0.00863	0.00000
340	0.61128	0.00000	0.00000	0.01044	0.37829	0.00000
341	0.05989	0.00000	0.00000	0.00789	0.93223	0.00000
342	0.93810	0.00000	0.00000	0.00114	0.06076	0.00000
343	0.99007	0.00000	0.00000	0.00007	0.00986	0.00000
344	0.91545	0.00000	0.00000	0.00121	0.08334	0.00000
345	0.99828	0.00000	0.00000	0.00000	0.00171	0.00000
346	0.92979	0.00000	0.00000	0.00076	0.06945	0.00000
347	0.99120	0.00000	0.00000	0.00006	0.00874	0.00000
348	0.96903	0.00000	0.00000	0.00019	0.03078	0.00000
349	0.00000	0.00000	0.00000	0.99931	0.00000	0.00069
350	0.99670	0.00000	0.00000	0.00001	0.00329	0.00000
351	0.97762	0.00000	0.00000	0.00012	0.02226	0.00000
352	0.99532	0.00000	0.00000	0.00001	0.00466	0.00000
353	0.99499	0.00000	0.00000	0.00002	0.00499	0.00000
354	0.99861	0.00000	0.00000	0.00000	0.00139	0.00000
355	0.98137	0.00000	0.00000	0.00007	0.01856	0.00000
356	0.99584	0.00000	0.00000	0.00001	0.00414	0.00000
357	0.99724	0.00000	0.00000	0.00001	0.00276	0.00000
358	0.99657	0.00000	0.00000	0.00001	0.00342	0.00000
359	0.99834	0.00000	0.00000	0.00000	0.00166	0.00000
360	0.99375	0.00000	0.00000	0.00003	0.00622	0.00000
361	0.99752	0.00000	0.00000	0.00000	0.00248	0.00000
362	0.98919	0.00000	0.00000	0.00003	0.01078	0.00000
363	0.96687	0.00000	0.00000	0.00018	0.03295	0.00000
364	0.98124	0.00000	0.00000	0.00027	0.01849	0.00000
365	0.98193	0.00000	0.00000	0.00009	0.01798	0.00000
366	0.99790	0.00000	0.00000	0.00000	0.00209	0.00000
367	0.99713	0.00000	0.00000	0.00001	0.00286	0.00000
368	0.98055	0.00000	0.00000	0.00015	0.01930	0.00000
369	0.99837	0.00000	0.00000	0.00000	0.00162	0.00000
370	0.99149	0.00000	0.00000	0.00003	0.00847	0.00000
371	0.92680	0.00000	0.00000	0.00431	0.06889	0.00000
372	0.91545	0.00000	0.00000	0.00121	0.08334	0.00000
373	0.98614	0.00000	0.00000	0.00005	0.01381	0.00000
374	0.98235	0.00000	0.00000	0.00020	0.01745	0.00000
375	0.35422	0.00000	0.00000	0.00883	0.63695	0.00000
376	0.99413	0.00000	0.00000	0.00002	0.00585	0.00000
377	0.99851	0.00000	0.00000	0.00000	0.00149	0.00000
378	0.99655	0.00000	0.00000	0.00001	0.00344	0.00000
379	0.99301	0.00000	0.00000	0.00001	0.00698	0.00000
380	0.98820	0.00000	0.00000	0.00014	0.01167	0.00000
381	0.99835	0.00000	0.00000	0.00000	0.00165	0.00000
382	0.98614	0.00000	0.00000	0.00005	0.01381	0.00000
383	0.00000	0.00000	0.00000	0.12438	0.87561	0.00000
384	0.98542	0.00000	0.00000	0.00005	0.01453	0.00000
385	0.98323	0.00000	0.00000	0.00008	0.01669	0.00000
386	0.99641	0.00000	0.00000	0.00001	0.00358	0.00000
387	0.99833	0.00000	0.00000	0.00000	0.00166	0.00000
388	0.98298	0.00000	0.00000	0.00009	0.01693	0.00000
389	0.81808	0.00000	0.00000	0.00204	0.17988	0.00000
390	0.96573	0.00000	0.00000	0.00072	0.03355	0.00000
391	0.99374	0.00000	0.00000	0.00003	0.00623	0.00000
392	0.97507	0.00000	0.00000	0.00016	0.02477	0.00000
393	0.95789	0.00000	0.00000	0.00035	0.04176	0.00000
394	0.98897	0.00000	0.00000	0.00010	0.01093	0.00000
395	0.99402	0.00000	0.00000	0.00003	0.00595	0.00000
396	0.99757	0.00000	0.00000	0.00000	0.00242	0.00000
397	0.99718	0.00000	0.00000	0.00001	0.00281	0.00000
398	0.97676	0.00000	0.00000	0.00006	0.02318	0.00000
399	0.99860	0.00000	0.00000	0.00000	0.00140	0.00000
400	0.99115	0.00000	0.00000	0.00002	0.00882	0.00000
401	0.99674	0.00000	0.00000	0.00001	0.00325	0.00000
402	0.96224	0.00000	0.00000	0.00033	0.03743	0.00000
403	0.99790	0.00000	0.00000	0.00000	0.00210	0.00000
404	0.98752	0.00000	0.00000	0.00005	0.01243	0.00000
405	0.99101	0.00000	0.00000	0.00008	0.00892	0.00000
406	0.99580	0.00000	0.00000	0.00001	0.00419	0.00000
407	0.99762	0.00000	0.00000	0.00000	0.00238	0.00000
408	0.99523	0.00000	0.00000	0.00002	0.00475	0.00000
409	0.96405	0.00000	0.00000	0.00021	0.03574	0.00000
410	0.97499	0.00000	0.00000	0.00018	0.02483	0.00000
411	0.00285	0.00000	0.00000	0.01209	0.98505	0.00000
412	0.99543	0.00000	0.00000	0.00002	0.00455	0.00000
413	0.99593	0.00000	0.00000	0.00001	0.00406	0.00000
414	0.91940	0.00000	0.00000	0.00020	0.08040	0.00000
415	0.98920	0.00000	0.00000	0.00011	0.01069	0.00000
416	0.99814	0.00000	0.00000	0.00000	0.00185	0.00000
417	0.99112	0.00000	0.00000	0.00006	0.00883	0.00000
418	0.99482	0.00000	0.00000	0.00002	0.00516	0.00000
419	0.99809	0.00000	0.00000	0.00000	0.00191	0.00000
420	0.99793	0.00000	0.00000	0.00000	0.00206	0.00000
421	0.98384	0.00000	0.00000	0.00005	0.01611	0.00000
422	0.95389	0.00000	0.00000	0.00041	0.04569	0.00000
423	0.99674	0.00000	0.00000	0.00000	0.00326	0.00000
424	0.99381	0.00000	0.00000	0.00002	0.00617	0.00000
425	0.99839	0.00000	0.00000	0.00000	0.00161	0.00000
426	0.99656	0.00000	0.00000	0.00001	0.00343	0.00000
427	0.99146	0.00000	0.00000	0.00003	0.00851	0.00000
428	0.99501	0.00000	0.00000	0.00001	0.00497	0.00000
429	0.99771	0.00000	0.00000	0.00000	0.00229	0.00000
430	0.99810	0.00000	0.00000	0.00000	0.00190	0.00000
431	0.98932	0.00000	0.00000	0.00006	0.01062	0.00000
432	0.99648	0.00000	0.00000	0.00001	0.00351	0.00000
433	0.99727	0.00000	0.00000	0.00001	0.00272	0.00000
434	0.99546	0.00000	0.00000	0.00001	0.00453	0.00000
435	0.99742	0.00000	0.00000	0.00001	0.00257	0.00000
436	0.99752	0.00000	0.00000	0.00000	0.00248	0.00000
437	0.99029	0.00000	0.00000	0.00003	0.00968	0.00000
438	0.98949	0.00000	0.00000	0.00005	0.01046	0.00000
439	0.99747	0.00000	0.00000	0.00001	0.00252	0.00000
440	0.99929	0.00000	0.00000	0.00000	0.00071	0.00000
441	0.99129	0.00000	0.00000	0.00002	0.00868	0.00000
442	0.99766	0.00000	0.00000	0.00001	0.00233	0.00000
443	0.81665	0.00000	0.00000	0.00264	0.18071	0.00000
444	0.99921	0.00000	0.00000	0.00000	0.00079	0.00000
445	0.98524	0.00000	0.00000	0.00006	0.01470	0.00000
446	0.99847	0.00000	0.00000	0.00000	0.00153	0.00000
447	0.99702	0.00000	0.00000	0.00001	0.00298	0.00000
448	0.99781	0.00000	0.00000	0.00000	0.00219	0.00000
449	0.99794	0.00000	0.00000	0.00000	0.00206	0.00000
450	0.99663	0.00000	0.00000	0.00001	0.00336	0.00000
451	0.99422	0.00000	0.00000	0.00003	0.00575	0.00000
452	0.99846	0.00000	0.00000	0.00000	0.00153	0.00000
453	0.99800	0.00000	0.00000	0.00000	0.00199	0.00000
454	0.99060	0.00000	0.00000	0.00002	0.00938	0.00000
455	0.98038	0.00000	0.00000	0.00019	0.01943	0.00000
456	0.99707	0.00000	0.00000	0.00001	0.00292	0.00000
457	0.99572	0.00000	0.00000	0.00001	0.00427	0.00000
458	0.99664	0.00000	0.00000	0.00001	0.00335	0.00000
459	0.99808	0.00000	0.00000	0.00000	0.00192	0.00000
460	0.99806	0.00000	0.00000	0.00000	0.00193	0.00000
461	0.99632	0.00000	0.00000	0.00001	0.00367	0.00000
462	0.99195	0.00000	0.00000	0.00002	0.00804	0.00000
463	0.97893	0.00000	0.00000	0.00013	0.02094	0.00000
464	0.99079	0.00000	0.00000	0.00002	0.00919	0.00000
465	0.87943	0.00000	0.00000	0.00091	0.11967	0.00000
466	0.99742	0.00000	0.00000	0.00001	0.00258	0.00000
467	0.98816	0.00000	0.00000	0.00005	0.01179	0.00000
468	0.98972	0.00000	0.00000	0.00004	0.01024	0.00000
469	0.99190	0.00000	0.00000	0.00002	0.00808	0.00000
470	0.99756	0.00000	0.00000	0.00001	0.00243	0.00000
471	0.99821	0.00000	0.00000	0.00000	0.00179	0.00000
472	0.99014	0.00000	0.00000	0.00003	0.00983	0.00000
473	0.99737	0.00000	0.00000	0.00001	0.00263	0.00000
474	0.99767	0.00000	0.00000	0.00001	0.00232	0.00000
475	0.99798	0.00000	0.00000	0.00000	0.00202	0.00000
476	0.99824	0.00000	0.00000	0.00000	0.00176	0.00000
477	0.99803	0.00000	0.00000	0.00000	0.00197	0.00000
478	0.90776	0.00000	0.00000	0.00772	0.08453	0.00000
479	0.99843	0.00000	0.00000	0.00000	0.00156	0.00000
480	0.98957	0.00000	0.00000	0.00003	0.01041	0.00000
481	0.99808	0.00000	0.00000	0.00000	0.00192	0.00000
482	0.99331	0.00000	0.00000	0.00002	0.00667	0.00000
483	0.99560	0.00000	0.00000	0.00002	0.00438	0.00000
484	0.98617	0.00000	0.00000	0.00005	0.01378	0.00000
485	0.95889	0.00000	0.00000	0.00044	0.04067	0.00000
486	0.99743	0.00000	0.00000	0.00000	0.00257	0.00000
487	0.84905	0.00000	0.00000	0.00112	0.14983	0.00000
488	0.99638	0.00000	0.00000	0.00001	0.00361	0.00000
489	0.93090	0.00000	0.00000	0.00043	0.06866	0.00000
490	0.98099	0.00000	0.00000	0.00017	0.01884	0.00000
491	0.99755	0.00000	0.00000	0.00000	0.00244	0.00000
492	0.99826	0.00000	0.00000	0.00000	0.00174	0.00000
493	0.99848	0.00000	0.00000	0.00000	0.00152	0.00000
494	0.99511	0.00000	0.00000	0.00001	0.00488	0.00000
495	0.84733	0.00000	0.00000	0.00115	0.15153	0.00000
496	0.98874	0.00000	0.00000	0.00004	0.01122	0.00000
497	0.99827	0.00000	0.00000	0.00000	0.00173	0.00000
498	0.97155	0.00000	0.00000	0.00015	0.02830	0.00000
499	0.99216	0.00000	0.00000	0.00002	0.00782	0.00000
500	0.96082	0.00000	0.00000	0.00040	0.03877	0.00000
501	0.98763	0.00000	0.00000	0.00005	0.01232	0.00000
502	0.98790	0.00000	0.00000	0.00004	0.01206	0.00000
503	0.99829	0.00000	0.00000	0.00000	0.00171	0.00000
504	0.99449	0.00000	0.00000	0.00002	0.00549	0.00000
505	0.99813	0.00000	0.00000	0.00000	0.00186	0.00000
506	0.99284	0.00000	0.00000	0.00003	0.00713	0.00000
507	0.99652	0.00000	0.00000	0.00001	0.00347	0.00000
508	0.99582	0.00000	0.00000	0.00001	0.00417	0.00000
509	0.99363	0.00000	0.00000	0.00001	0.00636	0.00000
510	0.98554	0.00000	0.00000	0.00003	0.01444	0.00000
511	0.99566	0.00000	0.00000	0.00002	0.00432	0.00000
512	0.99892	0.00000	0.00000	0.00000	0.00108	0.00000
513	0.13886	0.00000	0.00000	0.00386	0.85728	0.00000
514	0.99943	0.00000	0.00000	0.00000	0.00057	0.00000
515	0.99851	0.00000	0.00000	0.00000	0.00149	0.00000
516	0.99744	0.00000	0.00000	0.00001	0.00255	0.00000
517	0.99448	0.00000	0.00000	0.00002	0.00550	0.00000
518	0.99214	0.00000	0.00000	0.00002	0.00784	0.00000
519	0.99858	0.00000	0.00000	0.00000	0.00142	0.00000
520	0.99365	0.00000	0.00000	0.00002	0.00633	0.00000
521	0.99374	0.00000	0.00000	0.00003	0.00623	0.00000
522	0.99685	0.00000	0.00000	0.00001	0.00314	0.00000
523	0.99686	0.00000	0.00000	0.00001	0.00314	0.00000
524	0.00000	0.00000	0.00000	0.99559	0.00001	0.00440
525	0.00000	0.00000	0.84986	0.03649	0.10988	0.00377
526	0.00000	0.00000	0.00000	0.91304	0.08696	0.00000
527	0.03875	0.00000	0.00000	0.00410	0.95715	0.00000
528	0.00000	0.00000	0.49893	0.20918	0.28889	0.00299
529	0.99465	0.00000	0.00000	0.00001	0.00533	0.00000
530	0.99280	0.00000	0.00000	0.00002	0.00718	0.00000
531	0.99791	0.00000	0.00000	0.00000	0.00209	0.00000
532	0.99776	0.00000	0.00000	0.00000	0.00224	0.00000
533	0.99647	0.00000	0.00000	0.00001	0.00352	0.00000
534	0.99517	0.00000	0.00000	0.00002	0.00481	0.00000
535	0.97056	0.00000	0.00000	0.00026	0.02918	0.00000
536	0.99785	0.00000	0.00000	0.00000	0.00214	0.00000
537	0.98761	0.00000	0.00000	0.00006	0.01233	0.00000
538	0.99591	0.00000	0.00000	0.00001	0.00407	0.00000
539	0.99836	0.00000	0.00000	0.00000	0.00164	0.00000
540	0.99696	0.00000	0.00000	0.00001	0.00303	0.00000
541	0.00000	0.00000	0.00000	0.99984	0.00015	0.00000
542	0.99729	0.00000	0.00000	0.00000	0.00271	0.00000
543	0.99729	0.00000	0.00000	0.00000	0.00271	0.00000
544	0.99600	0.00000	0.00000	0.00001	0.00399	0.00000
545	0.99600	0.00000	0.00000	0.00001	0.00399	0.00000
546	0.99927	0.00000	0.00000	0.00000	0.00073	0.00000
547	0.99843	0.00000	0.00000	0.00000	0.00157	0.00000
548	0.99630	0.00000	0.00000	0.00001	0.00369	0.00000
549	0.99630	0.00000	0.00000	0.00001	0.00369	0.00000
550	0.99762	0.00000	0.00000	0.00000	0.00237	0.00000
551	0.99535	0.00000	0.00000	0.00002	0.00464	0.00000
552	0.99878	0.00000	0.00000	0.00000	0.00122	0.00000
553	0.99857	0.00000	0.00000	0.00000	0.00143	0.00000
554	0.99052	0.00000	0.00000	0.00002	0.00946	0.00000
555	0.00000	0.00000	0.00170	0.55394	0.00002	0.44433
556	0.95804	0.00000	0.00000	0.00070	0.04126	0.00000
557	0.97777	0.00000	0.00000	0.00039	0.02184	0.00000
558	0.97607	0.00000	0.00000	0.00019	0.02374	0.00000
559	0.99651	0.00000	0.00000	0.00001	0.00348	0.00000
560	0.98659	0.00000	0.00000	0.00014	0.01327	0.00000
561	0.93525	0.00000	0.00000	0.00048	0.06427	0.00000
562	0.99815	0.00000	0.00000	0.00000	0.00185	0.00000
563	0.97794	0.00000	0.00000	0.00038	0.02168	0.00000
564	0.97607	0.00000	0.00000	0.00019	0.02374	0.00000
565	0.99782	0.00000	0.00000	0.00000	0.00217	0.00000
566	0.99782	0.00000	0.00000	0.00000	0.00217	0.00000
567	0.99826	0.00000	0.00000	0.00000	0.00174	0.00000
568	0.99777	0.00000	0.00000	0.00000	0.00222	0.00000
569	0.99832	0.00000	0.00000	0.00000	0.00167	0.00000
570	0.99828	0.00000	0.00000	0.00000	0.00172	0.00000
571	0.98600	0.00000	0.00000	0.00005	0.01395	0.00000
572	0.99684	0.00000	0.00000	0.00001	0.00315	0.00000
573	0.99133	0.00000	0.00000	0.00002	0.00865	0.00000
574	0.98940	0.00000	0.00000	0.00003	0.01057	0.00000
575	0.99869	0.00000	0.00000	0.00000	0.00131	0.00000
576	0.99444	0.00000	0.00000	0.00003	0.00553	0.00000
577	0.98998	0.00000	0.00000	0.00004	0.00998	0.00000
578	0.99921	0.00000	0.00000	0.00000	0.00079	0.00000
579	0.99550	0.00000	0.00000	0.00002	0.00448	0.00000
580	0.99451	0.00000	0.00000	0.00001	0.00548	0.00000
581	0.99661	0.00000	0.00000	0.00001	0.00338	0.00000
582	0.99860	0.00000	0.00000	0.00000	0.00140	0.00000
583	0.99810	0.00000	0.00000	0.00000	0.00190	0.00000
584	0.99922	0.00000	0.00000	0.00000	0.00078	0.00000
585	0.96815	0.00000	0.00000	0.00048	0.03137	0.00000
586	0.99683	0.00000	0.00000	0.00001	0.00316	0.00000
587	0.99421	0.00000	0.00000	0.00002	0.00577	0.00000
588	0.99870	0.00000	0.00000	0.00000	0.00130	0.00000
589	0.99741	0.00000	0.00000	0.00001	0.00259	0.00000
590	0.93790	0.00000	0.00000	0.00102	0.06107	0.00000
591	0.97205	0.00000	0.00000	0.00024	0.02771	0.00000
592	0.99522	0.00000	0.00000	0.00001	0.00477	0.00000
593	0.96833	0.00000	0.00000	0.00083	0.03084	0.00000
594	0.96537	0.00000	0.00000	0.00058	0.03406	0.00000
595	0.00036	0.00000	0.00000	0.06512	0.93452	0.00000
596	0.99492	0.00000	0.00000	0.00002	0.00506	0.00000
597	0.99730	0.00000	0.00000	0.00001	0.00269	0.00000
598	0.94023	0.00000	0.00000	0.00061	0.05916	0.00000
599	0.99450	0.00000	0.00000	0.00002	0.00547	0.00000
600	0.99130	0.00000	0.00000	0.00004	0.00866	0.00000
601	0.99428	0.00000	0.00000	0.00001	0.00571	0.00000
602	0.99445	0.00000	0.00000	0.00002	0.00553	0.00000
603	0.96537	0.00000	0.00000	0.00070	0.03393	0.00000
604	0.99306	0.00000	0.00000	0.00002	0.00692	0.00000
605	0.94311	0.00000	0.00000	0.00019	0.05671	0.00000
606	0.99245	0.00000	0.00000	0.00003	0.00752	0.00000
607	0.98534	0.00000	0.00000	0.00008	0.01457	0.00000
608	0.93374	0.00000	0.00000	0.00049	0.06578	0.00000
609	0.96566	0.00000	0.00000	0.00013	0.03421	0.00000
610	0.93374	0.00000	0.00000	0.00049	0.06578	0.00000
611	0.91537	0.00000	0.00000	0.00043	0.08420	0.00000
612	0.99588	0.00000	0.00000	0.00001	0.00411	0.00000
613	0.99763	0.00000	0.00000	0.00000	0.00236	0.00000
614	0.99818	0.00000	0.00000	0.00000	0.00181	0.00000
615	0.99894	0.00000	0.00000	0.00000	0.00106	0.00000
616	0.99737	0.00000	0.00000	0.00000	0.00263	0.00000
617	0.00000	0.00000	0.00001	0.20322	0.79677	0.00000
618	0.99677	0.00000	0.00000	0.00001	0.00322	0.00000
619	0.87661	0.00000	0.00000	0.00528	0.11811	0.00000
620	0.98384	0.00000	0.00000	0.00004	0.01612	0.00000
621	0.99317	0.00000	0.00000	0.00006	0.00677	0.00000
622	0.00000	0.00000	0.08862	0.82586	0.00563	0.07990
623	0.78863	0.00000	0.00000	0.00122	0.21015	0.00000
624	0.99640	0.00000	0.00000	0.00001	0.00359	0.00000
625	0.98847	0.00000	0.00000	0.00004	0.01149	0.00000
626	0.99625	0.00000	0.00000	0.00001	0.00374	0.00000
627	0.99809	0.00000	0.00000	0.00000	0.00191	0.00000
628	0.99494	0.00000	0.00000	0.00002	0.00504	0.00000
629	0.96881	0.00000	0.00000	0.00004	0.03115	0.00000
630	0.99684	0.00000	0.00000	0.00001	0.00315	0.00000
631	0.98256	0.00000	0.00000	0.00013	0.01731	0.00000
632	0.99433	0.00000	0.00000	0.00001	0.00566	0.00000
633	0.99060	0.00000	0.00000	0.00006	0.00933	0.00000
634	0.99544	0.00000	0.00000	0.00001	0.00454	0.00000
635	0.98128	0.00000	0.00000	0.00012	0.01861	0.00000
636	0.99625	0.00000	0.00000	0.00001	0.00374	0.00000
637	0.99695	0.00000	0.00000	0.00001	0.00304	0.00000
638	0.99683	0.00000	0.00000	0.00001	0.00316	0.00000
639	0.99855	0.00000	0.00000	0.00000	0.00145	0.00000
640	0.99732	0.00000	0.00000	0.00001	0.00268	0.00000
641	0.99514	0.00000	0.00000	0.00002	0.00485	0.00000
642	0.94972	0.00000	0.00000	0.00025	0.05004	0.00000
643	0.98041	0.00000	0.00000	0.00009	0.01950	0.00000
644	0.96317	0.00000	0.00000	0.00030	0.03652	0.00000
645	0.92790	0.00000	0.00000	0.00095	0.07115	0.00000
646	0.84610	0.00000	0.00000	0.00263	0.15127	0.00000
647	0.99741	0.00000	0.00000	0.00001	0.00259	0.00000
648	0.98939	0.00000	0.00000	0.00009	0.01052	0.00000
649	0.99764	0.00000	0.00000	0.00000	0.00236	0.00000
650	0.99849	0.00000	0.00000	0.00000	0.00151	0.00000
651	0.98653	0.00000	0.00000	0.00008	0.01339	0.00000
652	0.99213	0.00000	0.00000	0.00004	0.00783	0.00000
653	0.99018	0.00000	0.00000	0.00003	0.00979	0.00000
654	0.99712	0.00000	0.00000	0.00001	0.00287	0.00000
655	0.99809	0.00000	0.00000	0.00000	0.00190	0.00000
656	0.98771	0.00000	0.00000	0.00005	0.01224	0.00000
657	0.99865	0.00000	0.00000	0.00000	0.00134	0.00000
658	0.96303	0.00000	0.00000	0.00125	0.03572	0.00000
659	0.99797	0.00000	0.00000	0.00000	0.00202	0.00000
660	0.99513	0.00000	0.00000	0.00002	0.00485	0.00000
661	0.98864	0.00000	0.00000	0.00005	0.01131	0.00000
662	0.96666	0.00000	0.00000	0.00020	0.03314	0.00000
663	0.99339	0.00000	0.00000	0.00005	0.00656	0.00000
664	0.99707	0.00000	0.00000	0.00001	0.00292	0.00000
665	0.99663	0.00000	0.00000	0.00001	0.00336	0.00000
666	0.95343	0.00000	0.00000	0.00066	0.04591	0.00000
667	0.99664	0.00000	0.00000	0.00000	0.00336	0.00000
668	0.99664	0.00000	0.00000	0.00000	0.00336	0.00000
669	0.96794	0.00000	0.00000	0.00017	0.03189	0.00000
670	0.99383	0.00000	0.00000	0.00003	0.00613	0.00000
671	0.99614	0.00000	0.00000	0.00001	0.00385	0.00000
672	0.99524	0.00000	0.00000	0.00002	0.00475	0.00000
673	0.99746	0.00000	0.00000	0.00000	0.00254	0.00000
674	0.99244	0.00000	0.00000	0.00002	0.00754	0.00000
675	0.99124	0.00000	0.00000	0.00007	0.00869	0.00000
676	0.99736	0.00000	0.00000	0.00000	0.00264	0.00000
677	0.99736	0.00000	0.00000	0.00000	0.00264	0.00000
678	0.99893	0.00000	0.00000	0.00000	0.00107	0.00000
679	0.99792	0.00000	0.00000	0.00000	0.00208	0.00000
680	0.99739	0.00000	0.00000	0.00001	0.00260	0.00000
681	0.92254	0.00000	0.00000	0.00366	0.07380	0.00000
682	0.99017	0.00000	0.00000	0.00003	0.00980	0.00000
683	0.74001	0.00000	0.00000	0.05054	0.20945	0.00000
684	0.99559	0.00000	0.00000	0.00001	0.00440	0.00000
685	0.98898	0.00000	0.00000	0.00009	0.01093	0.00000
686	0.99242	0.00000	0.00000	0.00002	0.00756	0.00000
687	0.00000	0.00000	0.00000	0.03206	0.96794	0.00000
688	0.00000	0.00000	0.98547	0.00595	0.00554	0.00303
689	0.00000	0.00000	0.84327	0.07574	0.00659	0.07440
690	0.00000	0.00000	0.94287	0.01866	0.00763	0.03083
691	0.00000	0.00000	0.78524	0.11025	0.06665	0.03786
692	0.99665	0.00000	0.00000	0.00001	0.00334	0.00000
693	0.99820	0.00000	0.00000	0.00000	0.00180	0.00000
694	0.99807	0.00000	0.00000	0.00000	0.00193	0.00000
695	0.99438	0.00000	0.00000	0.00003	0.00559	0.00000
696	0.98846	0.00000	0.00000	0.00004	0.01150	0.00000
697	0.99629	0.00000	0.00000	0.00001	0.00371	0.00000
698	0.99702	0.00000	0.00000	0.00001	0.00297	0.00000
699	0.99633	0.00000	0.00000	0.00001	0.00366	0.00000
700	0.99802	0.00000	0.00000	0.00000	0.00197	0.00000
701	0.96862	0.00000	0.00000	0.00013	0.03125	0.00000
702	0.98891	0.00000	0.00000	0.00006	0.01103	0.00000
703	0.00000	0.99779	0.00000	0.00000	0.00000	0.00220
704	0.99836	0.00000	0.00000	0.00000	0.00164	0.00000
705	0.99570	0.00000	0.00000	0.00002	0.00429	0.00000
706	0.99274	0.00000	0.00000	0.00003	0.00723	0.00000
707	0.99354	0.00000	0.00000	0.00004	0.00642	0.00000
708	0.99600	0.00000	0.00000	0.00001	0.00400	0.00000
709	0.99059	0.00000	0.00000	0.00002	0.00939	0.00000
710	0.98833	0.00000	0.00000	0.00006	0.01161	0.00000
711	0.99330	0.00000	0.00000	0.00004	0.00666	0.00000
712	0.99761	0.00000	0.00000	0.00001	0.00239	0.00000
713	0.99677	0.00000	0.00000	0.00001	0.00323	0.00000
714	0.98842	0.00000	0.00000	0.00006	0.01153	0.00000
715	0.99688	0.00000	0.00000	0.00001	0.00311	0.00000
716	0.99767	0.00000	0.00000	0.00000	0.00232	0.00000
717	0.99839	0.00000	0.00000	0.00000	0.00161	0.00000
718	0.99875	0.00000	0.00000	0.00000	0.00125	0.00000
719	0.99049	0.00000	0.00000	0.00003	0.00948	0.00000
720	0.99033	0.00000	0.00000	0.00010	0.00958	0.00000
721	0.98835	0.00000	0.00000	0.00004	0.01161	0.00000
722	0.99322	0.00000	0.00000	0.00004	0.00674	0.00000
723	0.99856	0.00000	0.00000	0.00000	0.00144	0.00000
724	0.99660	0.00000	0.00000	0.00001	0.00339	0.00000
725	0.99765	0.00000	0.00000	0.00001	0.00234	0.00000
726	0.99603	0.00000	0.00000	0.00002	0.00396	0.00000
727	0.96330	0.00000	0.00000	0.00019	0.03651	0.00000
728	0.93102	0.00000	0.00000	0.00103	0.06795	0.00000
729	0.59220	0.00000	0.00000	0.00259	0.40520	0.00000
730	0.98841	0.00000	0.00000	0.00004	0.01155	0.00000
731	0.99732	0.00000	0.00000	0.00001	0.00268	0.00000
732	0.99014	0.00000	0.00000	0.00003	0.00984	0.00000
733	0.96575	0.00000	0.00000	0.00035	0.03390	0.00000
734	0.99775	0.00000	0.00000	0.00000	0.00224	0.00000
735	0.98689	0.00000	0.00000	0.00004	0.01307	0.00000
736	0.99890	0.00000	0.00000	0.00000	0.00110	0.00000
737	0.99755	0.00000	0.00000	0.00000	0.00245	0.00000
738	0.99379	0.00000	0.00000	0.00002	0.00619	0.00000
739	0.99462	0.00000	0.00000	0.00002	0.00535	0.00000
740	0.99652	0.00000	0.00000	0.00001	0.00347	0.00000
741	0.99443	0.00000	0.00000	0.00002	0.00555	0.00000
742	0.99228	0.00000	0.00000	0.00006	0.00767	0.00000
743	0.99739	0.00000	0.00000	0.00001	0.00261	0.00000
744	0.94344	0.00000	0.00000	0.00034	0.05622	0.00000
745	0.95890	0.00000	0.00000	0.00016	0.04095	0.00000
746	0.00000	0.00000	0.31748	0.09169	0.59035	0.00048
747	0.00000	0.00000	0.14152	0.67245	0.00246	0.18357
748	0.00000	0.00000	0.96472	0.01714	0.01378	0.00436
749	0.00000	0.00000	0.91689	0.01749	0.00113	0.06448
750	0.00000	0.00000	0.93415	0.01934	0.00179	0.04473
751	0.00000	0.00000	0.99198	0.00293	0.00308	0.00201
752	0.00000	0.00000	0.86357	0.02479	0.00088	0.11075
753	0.00000	0.00000	0.84619	0.03019	0.00134	0.12229
754	0.00000	0.00000	0.95766	0.01452	0.00212	0.02570
755	0.00000	0.00000	0.00260	0.86094	0.00027	0.13619
756	0.00000	0.00000	0.91551	0.01269	0.00053	0.07127
757	0.00000	0.00000	0.99428	0.00204	0.00198	0.00170
758	0.99575	0.00000	0.00000	0.00001	0.00424	0.00000
759	0.00002	0.00000	0.00000	0.00604	0.99395	0.00000
760	0.94670	0.00000	0.00000	0.00057	0.05273	0.00000
761	0.48182	0.00000	0.00000	0.00307	0.51512	0.00000
762	0.99784	0.00000	0.00000	0.00000	0.00216	0.00000
763	0.99752	0.00000	0.00000	0.00000	0.00247	0.00000
764	0.00000	0.00000	0.17407	0.38221	0.00165	0.44207
765	0.99742	0.00000	0.00000	0.00001	0.00257	0.00000
766	0.99853	0.00000	0.00000	0.00000	0.00147	0.00000
767	0.99853	0.00000	0.00000	0.00000	0.00147	0.00000
768	0.99803	0.00000	0.00000	0.00000	0.00196	0.00000
