31
Pure_JC	1.0000000	0.0000000	0.0000000	0.0000000
Pure_JA	0.0000000	0.0000000	0.0000000   	1.0000000
F1	0.0000000	0.5000000	0.5000000	0.0000000
F2	0.2500000	0.2500000	0.2500000	0.2500000
BcJC	0.5000000	0.2500000	0.2500000	0.0000000
BcJA	0.0000000	0.2500000	0.2500000	0.5000000
Bc2JC	0.7500000	0.1250000	0.1250000	0.0000000
Bc2JA	0.0000000	0.1250000	0.1250000	0.7500000
Bc3JC 	0.8750000 	0.0625000 	0.0625000 	0.0000000
Bc3JA 	0.0000000 	0.0625000 	0.0625000 	0.8750000
Bc4JC 	0.9375000 	0.0312500 	0.0312500 	0.0000000
Bc4JA 	0.0000000 	0.0312500 	0.0312500 	0.9375000
Bc5JC 	0.9687500 	0.0156250 	0.0156250 	0.0000000
Bc5JA 	0.0000000 	0.0156250 	0.0156250 	0.9687500
Bc6JC 	0.9843750 	0.0078125	0.0078125	0.0000000
Bc6JA 	0.0000000 	0.0078125 	0.0078125	0.9843750
FxJC               0.87890     0.05860     0.05860     0.00390
Bc2JCxBc3JC        0.82030     0.08595     0.08595     0.00780
Bc2JCxBc2JC        0.76560     0.10940     0.10940     0.01560
BcJCxBc3JC         0.70310     0.14065     0.14065     0.01560
BcJCxBc2JC         0.65630     0.15625     0.15625     0.03130
BcJCxBcJC          0.56250     0.18750     0.18750     0.06250
FxJA               0.00390     0.05860     0.05860     0.87890
Bc2JAxBc3JA        0.00780     0.08595     0.08595     0.82030
Bc2JAxBc2JA        0.01560     0.10940     0.10940     0.76560
BcJAxBc3JA         0.01560     0.14065     0.14065     0.70310
BcJAxBc2JA         0.03130     0.15625     0.15625     0.65630
BcJAxBcJA          0.06250     0.18750     0.18750     0.56250
BcBc               0.05860     0.44140     0.44140     0.05860
Bc2JAxBc3JC        0.11720     0.41405     0.41405     0.05470
Bc3JAxBc2JC        0.05470     0.41405     0.41405     0.11720